[Window][DockSpaceViewport_11111111]
Pos=0,0
Size=32,32
Collapsed=0

[Window][Node Editor]
Pos=162,97
Size=1382,851
Collapsed=0

[Window][Texture Preview]
Pos=1362,131
Size=702,735
Collapsed=0

[Window][Debug##Default]
Pos=17,65
Size=400,400
Collapsed=0

[Docking][Data]
DockSpace ID=0x8B93E3BD Window=0xA787BDB4 Pos=0,0 Size=32,32 CentralNode=1


[NoiseToolMeshNoisePreview][Settings]
tri_limit=35000000
frequency=0.500000
iso_surface=0.000000
heightmap_multiplier=100.000000
seed=1338
color=16777215
mesh_type=0
enabled=1

[NoiseToolNoiseTexture][Settings]
frequency=1.000000
seed=1559
gen_type=0
export_size=4096:4096

[NoiseToolNodeGraph][Settings]
grid_offset=1275.270264:-235.445679
frequency=-0.010000
seed=1454
gen_type=0

[NoiseToolNodeData][Node:4]
variable=0
variable=-1053860823
variable=0
variable=0
variable=0
variable=0
variable=0
variable=0
id=2
grid_pos=-1093.459473:268.535767

[NoiseToolNodeData][Node:7]
id=6
grid_pos=-1093.459473:698.535767

[NoiseToolNodeData][Node:34]
variable=1077600584
variable=1043878380
node=6
id=9
grid_pos=-804.270264:659.445679
